[[-0.27436872 -1.94584004 -1.02353118]
 [ 0.98260136 -1.07828248 -0.84250095]
 [ 0.72534045 -0.94581418 -0.64606898]
 [ 0.44672862  0.4778629   0.13783734]
 [-0.40866636 -0.60366393 -1.0381158 ]
 [-0.19753447 -2.0441703  -2.18361869]
 [ 0.14491267  0.34240811 -0.02359179]
 [ 0.1994684   0.7875282   1.09291392]
 [ 0.71778367  1.12730048  1.43478266]
 [ 1.08335737 -0.01920482 -0.14649422]
 [-0.4377974   0.23147245  0.3276211 ]
 [-1.0711031  -0.0230506   0.4130711 ]
 [ 0.30012989  0.44576004  0.17395275]
 [ 0.33881283  0.01115002  0.21655868]
 [-0.88632512  0.5713624  -0.37740047]
 [ 1.39260778 -0.98520561  0.00722055]
 [ 1.41988111  0.16125671  0.15533216]
 [ 0.9620096   0.25174258  0.9311504 ]]
[[-2.27810042 -0.79599218  1.24934619]
 [-1.83169026  2.35604635 -1.44285499]
 [-0.54684045  2.21466101  0.54577524]]
